0.30
0.30
6.00
0.00
0.10
0.05
2.20
0.00
2.00
2.00
0.10
0.00
0.80
0.05
0.30
0.00
2.30
5.00
0.20
0.00
0.00
5.00
5
0.00
8000.00
11500.00
3500.00
0.00
0.00
0.00
0.00
0.00
85.00
1.00
0.10
30.00
5.00
1.00
500.00
5.00
115.00
200.00
2.00
160.00
100.00
100.00
20.00
22.00
0.00
0.10
30.00
1.00
500.00
5.00
230.00
240.00
5.00
220.00
220.00
2.00
205.00
3.00
3.00
10.00
10.00
0.00
0.00
0.00
0.00
1.00
300.00
5.00
200.00
2.00
0.40
0.30
0.60
-0.60
0.60
-0.60
0.40
-0.40
117.83
0.00
0.00
0.00
0.00
0.90
0.00
0.00
0.00
0.00
3.00
10.00
10.00
350.00
1.00
0.20
0.00
0.00
0.00
0.00
20.00
150.00
10.00
300.00
0.00
0.90
0.90
0.00
0.00
0.00
0.00
0.00
0.00
0.00
10.00
100.00
0.00
0.00
0.00
0.00
0.00
0.00
30.00
100.00
0.00
0.00
0.00
0.00
5
1
15.00
0.04
5.00
5
5
3
0.35
250.00
55.00
0.10
0.80
2500.00
0.04
0.05
0.00
0.00
0.00
15.00
0.03
5.00
5
3
3000.00
0.00
5.00
0.00
1.00
0.10
1900.00
4.00
3.00
0.10
0.00
0.00
0.00
0.00
0.00
0.00
20.00
10.00
10.00
100.00
20.00
20.00
100.00
2100.00
2300.00
4000.00
4000.00
4500.00
613.00
605.00
3
0.00
0.00
0.00
5
5
0.00
0.00
0.00
10
4500.00
93
310.00
1400.00
12.00
10
4800
0.00
0.00
0.00
0.00
0.00
0.00
1
3
3
3
3
2
2
0.00
0.00
0.00
10
9600
0
2
0.50
1
1
0.00
0.00
0
0.00
0.00
0.00
10
115200
31
1
0.00
0.00
0.00
0.00
0.00
0.00
0.00
192.168.88.80
502
1
5.00
1
0
0.00
0.00
0.00
1
0.00
0.00
0.00
0.00
0.00
0.00
0.00
0.00
0.00
0.00
0.00
0.00
0.00
0.00
0.00
0.00
0.00
0.00
0.00
0.00
0.00
0.00
0.00
0.00
0.00
0.00
0.00
0.00
0.00
0.00
0.00
0.00
0.00
0.00
0.00
0.00
0.00
0.00
0.00
0.00
0.00
0.60
0.10
4.40
0.10
0.05
1.80
1.70
0.50
0.00
